 BOXLX    = 66.7892207
 BOXLY    = 66.7892207
 BOXLZ    = 79
